67.0 69.0 57.0 65.0
68.0 69.0 58.0 65.0
82.0 84.0 69.0 80.0
67.0 71.0 58.0 65.0
72.0 73.0 60.0 68.0
87.0 89.0 74.0 84.0
72.0 75.0 62.0 70.0
91.0 92.0 78.0 85.0
83.0 86.0 75.0 83.0
72.0 73.0 60.0 69.0
75.0 77.0 65.0 70.0
95.0 92.0 77.0 86.0
91.0 89.0 76.0 85.0
70.0 75.0 63.0 61.0
75.0 75.0 61.0 69.0
93.0 89.0 78.0 86.0
89.0 91.0 73.0 83.0
74.0 73.0 62.0 69.0
77.0 74.0 66.0 73.0
91.0 93.0 78.0 89.0
92.0 87.0 77.0 86.0
74.0 75.0 63.0 71.0
78.0 80.0 66.0 74.0
94.0 94.0 79.0 88.0
91.0 90.0 75.0 87.0
73.0 73.0 65.0 70.0
78.0 78.0 64.0 74.0
95.0 93.0 80.0 89.0
91.0 89.0 77.0 84.0
75.0 74.0 65.0 71.0
77.0 79.0 66.0 71.0
92.0 91.0 74.0 85.0
76.0 86.0 62.0 84.0
70.0 71.0 63.0 69.0
75.0 75.0 65.0 72.0
90.0 89.0 78.0 85.0
79.0 75.0 76.0 73.0
71.0 72.0 60.0 65.0
76.0 76.0 63.0 70.0
91.0 88.0 76.0 85.0
75.0 85.0 68.0 81.0
71.0 73.0 60.0 68.0
76.0 77.0 67.0 73.0
89.0 89.0 78.0 84.0
84.0 83.0 65.0 79.0
71.0 73.0 60.0 69.0
77.0 77.0 68.0 73.0
91.0 88.0 76.0 84.0
83.0 74.0 71.0 75.0
70.0 72.0 61.0 68.0
78.0 78.0 68.0 73.0
90.0 88.0 74.0 83.0
82.0 81.0 57.0 77.0
71.0 73.0 63.0 68.0
83.0 81.0 71.0 78.0
90.0 88.0 76.0 84.0
70.0 72.0 58.0 68.0
71.0 72.0 60.0 69.0
79.0 87.0 72.0 90.0
92.0 89.0 79.0 86.0
71.0 71.0 59.0 64.0
72.0 73.0 63.0 68.0
92.0 91.0 72.0 80.0
89.0 88.0 75.0 84.0
72.0 72.0 61.0 66.0
91.0 76.0 79.0 73.0
71.0 71.0 60.0 67.0
73.0 69.0 62.0 69.0
91.0 90.0 77.0 86.0
88.0 88.0 77.0 86.0
70.0 71.0 60.0 67.0
94.0 91.0 78.0 88.0
69.0 72.0 60.0 67.0
67.0 71.0 60.0 68.0
91.0 89.0 77.0 84.0
87.0 86.0 75.0 83.0
69.0 69.0 60.0 65.0
69.0 72.0 61.0 68.0
90.0 87.0 76.0 85.0
73.0 72.0 58.0 65.0
92.0 89.0 77.0 85.0
89.0 87.0 76.0 81.0
70.0 69.0 59.0 66.0
71.0 72.0 60.0 66.0
88.0 86.0 76.0 85.0
91.0 83.0 68.0 84.0
59.0 66.0 61.0 66.0
71.0 72.0 56.0 70.0
90.0 89.0 78.0 86.0
88.0 85.0 70.0 85.0
70.0 72.0 60.0 61.0
71.0 72.0 62.0 68.0
91.0 89.0 76.0 86.0
87.0 84.0 76.0 84.0
71.0 72.0 60.0 66.0
71.0 72.0 60.0 67.0
92.0 88.0 79.0 88.0
90.0 84.0 77.0 84.0
69.0 72.0 60.0 68.0
73.0 73.0 64.0 70.0
91.0 91.0 78.0 86.0
93.0 88.0 76.0 87.0
71.0 72.0 61.0 67.0
73.0 73.0 64.0 69.0
88.0 91.0 79.0 87.0
90.0 88.0 74.0 84.0
72.0 73.0 60.0 64.0
74.0 73.0 62.0 70.0
91.0 90.0 74.0 88.0
91.0 86.0 76.0 85.0
71.0 71.0 60.0 67.0
72.0 73.0 62.0 69.0
70.0 71.0 60.0 66.0
72.0 73.0 63.0 66.0
91.0 89.0 74.0 85.0
89.0 86.0 74.0 82.0
70.0 71.0 60.0 66.0
71.0 73.0 63.0 69.0
91.0 86.0 76.0 84.0
87.0 85.0 71.0 84.0
69.0 71.0 60.0 65.0
73.0 72.0 63.0 69.0
86.0 87.0 77.0 85.0
88.0 84.0 73.0 83.0
70.0 71.0 60.0 65.0
72.0 73.0 63.0 69.0
90.0 89.0 73.0 85.0
78.0 83.0 68.0 83.0
71.0 71.0 58.0 67.0
73.0 73.0 63.0 70.0
90.0 90.0 76.0 84.0
88.0 82.0 74.0 83.0
71.0 72.0 61.0 67.0
73.0 73.0 63.0 71.0
33.0 32.0 29.0 29.0
28.0 28.0 25.0 25.0
90.0 88.0 70.0 85.0
86.0 84.0 73.0 80.0
60.0 71.0 60.0 63.0
85.0 81.0 74.0 79.0
71.0 72.0 59.0 67.0
73.0 73.0 61.0 70.0
92.0 88.0 77.0 84.0
87.0 84.0 74.0 83.0
71.0 72.0 59.0 68.0
89.0 88.0 75.0 83.0
89.0 88.0 76.0 80.0
76.0 76.0 65.0 72.0
91.0 80.0 77.0 86.0
86.0 84.0 74.0 81.0
72.0 71.0 59.0 66.0
74.0 73.0 60.0 69.0
88.0 78.0 76.0 83.0
81.0 83.0 60.0 76.0
91.0 89.0 77.0 85.0
85.0 75.0 68.0 78.0
69.0 69.0 55.0 65.0
74.0 72.0 63.0 69.0
68.0 67.0 58.0 67.0
76.0 75.0 64.0 70.0
84.0 88.0 75.0 83.0
83.0 81.0 72.0 79.0
67.0 72.0 61.0 68.0
76.0 75.0 67.0 73.0
88.0 87.0 73.0 84.0
81.0 79.0 69.0 77.0
71.0 72.0 60.0 67.0
80.0 79.0 67.0 75.0
90.0 85.0 76.0 84.0
76.0 75.0 65.0 71.0
71.0 72.0 61.0 68.0
91.0 91.0 76.0 87.0
92.0 87.0 77.0 84.0
68.0 70.0 60.0 63.0
71.0 71.0 60.0 66.0
92.0 89.0 75.0 86.0
89.0 84.0 77.0 84.0
71.0 69.0 60.0 65.0
72.0 72.0 62.0 68.0
95.0 90.0 79.0 88.0
89.0 83.0 77.0 84.0
71.0 71.0 58.0 67.0
71.0 72.0 60.0 68.0
88.0 88.0 76.0 86.0
90.0 86.0 76.0 83.0
69.0 71.0 59.0 64.0
70.0 71.0 60.0 66.0
90.0 89.0 76.0 84.0
82.0 82.0 76.0 76.0
67.0 69.0 59.0 66.0
71.0 71.0 61.0 68.0
91.0 87.0 76.0 85.0
89.0 88.0 76.0 83.0
92.0 88.0 74.0 83.0
69.0 69.0 58.0 66.0
89.0 88.0 74.0 84.0
71.0 71.0 61.0 66.0
89.0 88.0 76.0 67.0
87.0 84.0 74.0 83.0
69.0 69.0 58.0 64.0
71.0 72.0 60.0 68.0
90.0 85.0 76.0 84.0
70.0 72.0 60.0 66.0
88.0 88.0 79.0 87.0
91.0 85.0 78.0 79.0
88.0 86.0 78.0 84.0
88.0 86.0 76.0 84.0
70.0 69.0 59.0 66.0
33.0 33.0 30.0 30.0
28.0 28.0 25.0 26.0
26.0 27.0 24.0 24.0
26.0 26.0 24.0 23.0
25.0 25.0 23.0 22.0
25.0 25.0 22.0 23.0
24.0 25.0 22.0 22.0
23.0 24.0 20.0 21.0
23.0 24.0 21.0 21.0
23.0 23.0 20.0 21.0
23.0 23.0 20.0 20.0
22.0 23.0 20.0 20.0
22.0 23.0 20.0 20.0
22.0 23.0 19.0 20.0
22.0 23.0 19.0 20.0
22.0 22.0 19.0 20.0
22.0 21.0 19.0 20.0
22.0 22.0 19.0 20.0
22.0 21.0 19.0 19.0
21.0 21.0 19.0 18.0
21.0 21.0 18.0 20.0
21.0 21.0 18.0 19.0
20.0 21.0 18.0 19.0
20.0 21.0 18.0 19.0
20.0 21.0 18.0 19.0
20.0 21.0 17.0 19.0
20.0 21.0 18.0 18.0
20.0 21.0 17.0 18.0
20.0 21.0 18.0 18.0
20.0 19.0 17.0 18.0
20.0 21.0 17.0 19.0
20.0 21.0 18.0 18.0
21.0 21.0 18.0 18.0
21.0 21.0 18.0 18.0
20.0 21.0 18.0 19.0
21.0 20.0 18.0 19.0
20.0 21.0 18.0 19.0
21.0 21.0 18.0 19.0
22.0 21.0 18.0 18.0
21.0 21.0 18.0 19.0
21.0 21.0 18.0 19.0
21.0 21.0 18.0 19.0
20.0 21.0 18.0 19.0
20.0 21.0 18.0 19.0
21.0 20.0 18.0 19.0
21.0 21.0 18.0 19.0
21.0 21.0 18.0 19.0
21.0 21.0 18.0 19.0
20.0 21.0 18.0 19.0
21.0 21.0 18.0 19.0
20.0 21.0 18.0 19.0
20.0 21.0 18.0 19.0
21.0 20.0 18.0 19.0
20.0 21.0 18.0 19.0
21.0 21.0 19.0 19.0
20.0 21.0 18.0 19.0
20.0 21.0 17.0 19.0
20.0 21.0 18.0 19.0
20.0 20.0 18.0 18.0
20.0 21.0 18.0 19.0
20.0 21.0 17.0 19.0
20.0 20.0 18.0 18.0
20.0 20.0 17.0 19.0
20.0 21.0 17.0 18.0
20.0 19.0 17.0 18.0
20.0 20.0 17.0 18.0
20.0 20.0 17.0 18.0
20.0 19.0 17.0 18.0
20.0 20.0 17.0 18.0
20.0 20.0 17.0 18.0
19.0 19.0 17.0 18.0
20.0 21.0 17.0 18.0
20.0 20.0 17.0 18.0
20.0 20.0 18.0 19.0
20.0 21.0 18.0 18.0
20.0 20.0 18.0 18.0
20.0 21.0 17.0 18.0
20.0 21.0 18.0 18.0
20.0 21.0 18.0 18.0
20.0 21.0 18.0 18.0
20.0 21.0 18.0 19.0
20.0 21.0 18.0 18.0
20.0 21.0 18.0 17.0
20.0 21.0 17.0 18.0
20.0 21.0 18.0 18.0
21.0 21.0 18.0 19.0
20.0 21.0 18.0 19.0
20.0 21.0 18.0 19.0
20.0 21.0 18.0 19.0
20.0 21.0 18.0 18.0
20.0 21.0 18.0 18.0
20.0 21.0 18.0 18.0
20.0 21.0 18.0 19.0
20.0 21.0 18.0 19.0
20.0 21.0 18.0 19.0
20.0 21.0 18.0 19.0
20.0 21.0 18.0 19.0
20.0 20.0 18.0 19.0
20.0 21.0 18.0 18.0
20.0 21.0 18.0 19.0
20.0 21.0 17.0 18.0
20.0 21.0 18.0 19.0
20.0 20.0 17.0 18.0
20.0 20.0 17.0 18.0
20.0 20.0 17.0 18.0
20.0 19.0 18.0 18.0
20.0 20.0 17.0 18.0
20.0 19.0 18.0 18.0
20.0 20.0 17.0 19.0
20.0 20.0 17.0 18.0
20.0 20.0 17.0 17.0
20.0 20.0 17.0 18.0
20.0 21.0 17.0 18.0
20.0 20.0 17.0 18.0
20.0 20.0 18.0 19.0
20.0 20.0 18.0 19.0
20.0 20.0 17.0 19.0
20.0 20.0 18.0 19.0
20.0 21.0 18.0 19.0
20.0 20.0 17.0 19.0
20.0 21.0 17.0 19.0
20.0 21.0 18.0 19.0
20.0 21.0 18.0 19.0
20.0 20.0 17.0 19.0
20.0 21.0 18.0 19.0
20.0 20.0 18.0 18.0
20.0 21.0 18.0 19.0
20.0 21.0 18.0 19.0
20.0 21.0 18.0 19.0
20.0 21.0 18.0 18.0
20.0 21.0 18.0 19.0
21.0 21.0 18.0 19.0
20.0 21.0 18.0 19.0
20.0 21.0 18.0 19.0
20.0 20.0 18.0 20.0
20.0 21.0 18.0 19.0
20.0 21.0 18.0 19.0
20.0 21.0 17.0 18.0
20.0 21.0 18.0 19.0
20.0 21.0 17.0 19.0
20.0 21.0 17.0 19.0
21.0 21.0 18.0 18.0
20.0 21.0 18.0 19.0
21.0 21.0 18.0 19.0
21.0 21.0 18.0 18.0
20.0 21.0 17.0 18.0
21.0 20.0 18.0 19.0
20.0 20.0 18.0 18.0
20.0 21.0 18.0 18.0
21.0 20.0 17.0 18.0
20.0 20.0 17.0 18.0
20.0 20.0 17.0 18.0
20.0 21.0 17.0 18.0
20.0 20.0 18.0 18.0
20.0 21.0 17.0 18.0
20.0 21.0 18.0 18.0
20.0 20.0 17.0 18.0
20.0 21.0 17.0 18.0
20.0 20.0 17.0 18.0
20.0 20.0 17.0 17.0
20.0 20.0 18.0 18.0
20.0 21.0 18.0 18.0
21.0 21.0 17.0 18.0
20.0 21.0 18.0 18.0
20.0 21.0 18.0 19.0
21.0 21.0 18.0 19.0
21.0 21.0 19.0 19.0
20.0 21.0 18.0 18.0
20.0 21.0 17.0 19.0
20.0 21.0 18.0 19.0
20.0 21.0 18.0 19.0
20.0 21.0 17.0 19.0
20.0 21.0 18.0 19.0
20.0 21.0 18.0 19.0
20.0 21.0 18.0 18.0
20.0 21.0 18.0 19.0
20.0 20.0 18.0 19.0
20.0 20.0 18.0 18.0
20.0 21.0 17.0 18.0
20.0 21.0 18.0 19.0
20.0 21.0 18.0 19.0
20.0 21.0 18.0 19.0
20.0 21.0 18.0 19.0
20.0 21.0 18.0 19.0
20.0 21.0 18.0 19.0
20.0 21.0 18.0 18.0
20.0 21.0 18.0 18.0
20.0 21.0 18.0 18.0
20.0 21.0 18.0 19.0
20.0 21.0 18.0 18.0
20.0 21.0 18.0 18.0
20.0 21.0 18.0 19.0
20.0 21.0 18.0 18.0
20.0 21.0 18.0 19.0
20.0 20.0 18.0 18.0
20.0 21.0 18.0 18.0
20.0 21.0 18.0 19.0
20.0 21.0 18.0 19.0
20.0 21.0 18.0 19.0
20.0 21.0 18.0 18.0
20.0 21.0 17.0 18.0
20.0 21.0 17.0 18.0
20.0 21.0 18.0 19.0
20.0 21.0 18.0 18.0
20.0 21.0 18.0 19.0
20.0 21.0 18.0 18.0
20.0 20.0 18.0 18.0
20.0 19.0 18.0 18.0
20.0 21.0 17.0 18.0
20.0 19.0 18.0 18.0
20.0 20.0 17.0 18.0
20.0 19.0 17.0 18.0
20.0 20.0 18.0 18.0
20.0 20.0 18.0 18.0
20.0 19.0 18.0 18.0
20.0 20.0 17.0 18.0
20.0 20.0 18.0 18.0
20.0 21.0 17.0 18.0
20.0 20.0 18.0 18.0
20.0 21.0 17.0 17.0
20.0 20.0 18.0 18.0
20.0 21.0 18.0 19.0
20.0 20.0 18.0 19.0
20.0 21.0 18.0 18.0
20.0 21.0 19.0 18.0
20.0 21.0 18.0 18.0
20.0 21.0 18.0 19.0
21.0 21.0 18.0 19.0
21.0 21.0 18.0 19.0
20.0 21.0 18.0 18.0
20.0 20.0 18.0 19.0
20.0 21.0 18.0 19.0
20.0 21.0 18.0 19.0
20.0 21.0 18.0 18.0
20.0 21.0 18.0 19.0
20.0 21.0 18.0 18.0
20.0 21.0 18.0 18.0
20.0 21.0 18.0 18.0
20.0 21.0 18.0 18.0
20.0 20.0 18.0 18.0
20.0 21.0 18.0 19.0
20.0 21.0 18.0 18.0
19.0 21.0 18.0 18.0
20.0 21.0 18.0 18.0
20.0 20.0 18.0 18.0
21.0 20.0 18.0 19.0
21.0 21.0 18.0 18.0
20.0 21.0 18.0 19.0
20.0 21.0 18.0 18.0
20.0 21.0 18.0 19.0
20.0 21.0 18.0 18.0
20.0 21.0 18.0 18.0
20.0 20.0 18.0 18.0
20.0 21.0 18.0 18.0
20.0 20.0 18.0 19.0
20.0 21.0 18.0 18.0
20.0 21.0 18.0 19.0
20.0 21.0 18.0 19.0
20.0 21.0 18.0 18.0
21.0 21.0 18.0 18.0
20.0 21.0 18.0 18.0
20.0 21.0 18.0 18.0
19.0 20.0 17.0 18.0
20.0 20.0 17.0 18.0
20.0 20.0 18.0 18.0
20.0 21.0 17.0 18.0
20.0 21.0 17.0 18.0
20.0 20.0 17.0 18.0
20.0 20.0 18.0 18.0
20.0 21.0 17.0 17.0
20.0 20.0 18.0 18.0
19.0 21.0 17.0 18.0
20.0 20.0 17.0 19.0
20.0 21.0 17.0 18.0
20.0 21.0 18.0 18.0
20.0 21.0 18.0 18.0
20.0 21.0 17.0 18.0
20.0 21.0 18.0 18.0
20.0 20.0 18.0 18.0
20.0 21.0 18.0 18.0
21.0 21.0 18.0 18.0
21.0 22.0 18.0 19.0
21.0 21.0 18.0 18.0
20.0 21.0 18.0 19.0
20.0 21.0 18.0 19.0
20.0 20.0 18.0 18.0
21.0 21.0 18.0 19.0
20.0 21.0 18.0 19.0
20.0 20.0 18.0 18.0
20.0 21.0 18.0 18.0
20.0 21.0 18.0 19.0
20.0 21.0 19.0 18.0
20.0 20.0 18.0 18.0
21.0 21.0 18.0 18.0
20.0 21.0 18.0 18.0
20.0 20.0 18.0 19.0
20.0 21.0 18.0 18.0
20.0 21.0 18.0 18.0
20.0 21.0 18.0 18.0
20.0 21.0 17.0 18.0
20.0 21.0 18.0 18.0
20.0 21.0 18.0 18.0
20.0 21.0 18.0 18.0
20.0 21.0 18.0 19.0
21.0 21.0 18.0 19.0
20.0 21.0 17.0 18.0
20.0 21.0 18.0 18.0
21.0 21.0 18.0 19.0
20.0 21.0 17.0 18.0
21.0 21.0 17.0 18.0
20.0 21.0 18.0 18.0
20.0 21.0 18.0 18.0
20.0 21.0 18.0 18.0
21.0 21.0 18.0 18.0
21.0 21.0 18.0 19.0
20.0 21.0 18.0 19.0
20.0 21.0 18.0 18.0
20.0 21.0 18.0 19.0
21.0 21.0 18.0 18.0
20.0 21.0 17.0 18.0
20.0 21.0 18.0 18.0
21.0 20.0 18.0 18.0
20.0 21.0 18.0 18.0
20.0 20.0 17.0 17.0
20.0 21.0 17.0 18.0
20.0 20.0 17.0 18.0
20.0 20.0 17.0 18.0
20.0 21.0 18.0 18.0
20.0 21.0 18.0 18.0
20.0 20.0 17.0 17.0
20.0 20.0 19.0 18.0
20.0 21.0 17.0 18.0
20.0 21.0 17.0 18.0
20.0 20.0 18.0 19.0
20.0 20.0 18.0 18.0
20.0 21.0 18.0 18.0
20.0 21.0 18.0 18.0
21.0 21.0 18.0 18.0
20.0 20.0 18.0 18.0
20.0 21.0 18.0 18.0
20.0 21.0 18.0 18.0
20.0 21.0 18.0 19.0
20.0 21.0 18.0 19.0
20.0 21.0 19.0 18.0
20.0 21.0 18.0 18.0
21.0 21.0 18.0 18.0
20.0 21.0 19.0 18.0
20.0 21.0 18.0 19.0
21.0 21.0 18.0 19.0
20.0 21.0 19.0 18.0
20.0 21.0 18.0 19.0
22.0 23.0 19.0 20.0
57.0 58.0 48.0 54.0
26.0 27.0 23.0 23.0
23.0 25.0 21.0 21.0
27.0 27.0 25.0 25.0
26.0 27.0 24.0 24.0
25.0 26.0 25.0 23.0
28.0 28.0 26.0 27.0
25.0 25.0 22.0 22.0
60.0 62.0 49.0 60.0
22.0 23.0 20.0 20.0
22.0 24.0 20.0 20.0
22.0 22.0 19.0 19.0
22.0 23.0 20.0 20.0